1 2 2 2 2 2 2 1 2 2 1 2 2 1 2 2 1 2 2 2 1 2 2 2 2 1 2 2 1 2 2 1 1 2 2 2 1 2 2 1 
1 2 2 2 1 2 1 2 1 1 2 2 2 1 1 1 2 2 2 2 1 2 1 1 2 2 1 1 1 1 2 1 2 2 2 2 1 2 1 1 
1 2 2 1 2 2 2 2 2 1 1 1 2 2 1 1 1 2 1 2 2 2 2 2 1 2 2 2 1 2 1 2 1 2 2 2 2 2 2 2 
2 2 2 1 2 2 1 1 2 1 2 3 1 1 1 2 1 2 2 2 2 1 2 2 2 2 1 1 1 1 1 1 1 1 2 1 2 2 1 1 
1 2 1 1 1 2 1 2 1 2 2 2 2 1 2 2 2 1 1 2 1 1 1 1 2 2 2 2 2 1 2 1 1 1 1 1 1 2 2 2 
1 1 1 2 2 1 1 2 2 1 1 1 2 1 2 1 1 1 2 1 2 2 1 2 2 1 2 2 2 1 2 1 2 2 2 1 1 2 2 2 
2 2 2 1 2 1 3 1 3 1 2 2 1 2 2 2 1 2 2 1 1 3 1 2 1 2 2 2 2 3 2 1 1 2 2 1 1 1 2 2 
2 2 1 1 2 2 3 2 1 1 2 2 1 2 2 1 2 2 1 2 2 2 1 1 2 1 1 2 1 2 1 2 2 2 2 1 2 1 1 1 
6 6 2 1 2 2 2 1 2 2 1 2 1 2 1 1 5 5 5 1 1 1 1 1 1 2 2 1 3 1 2 2 1 1 1 1 2 2 2 1 
6 6 6 2 1 2 1 1 2 1 2 2 1 1 2 2 5 5 5 2 2 2 2 1 2 1 2 2 2 3 1 2 2 1 2 2 2 1 1 2 
1 2 2 1 1 1 2 1 2 2 1 2 2 1 2 2 5 5 5 2 2 2 2 1 2 2 2 2 1 1 2 3 2 2 2 2 2 1 1 1 
2 2 2 2 2 1 1 1 2 2 2 2 1 2 2 2 1 2 3 2 2 2 2 2 2 1 2 2 1 1 1 1 1 1 1 2 1 2 1 1 
2 1 1 2 1 1 1 3 2 2 1 1 1 1 2 2 2 2 1 1 2 1 2 2 1 2 2 2 1 2 1 2 2 2 1 1 1 1 1 2 
1 2 1 2 2 1 2 1 2 2 1 2 2 2 2 1 1 2 1 2 2 2 1 2 2 2 1 2 2 2 2 2 2 2 2 2 2 2 1 2 
2 1 1 2 1 2 1 1 2 2 2 2 1 1 1 1 1 1 2 1 1 2 1 1 2 2 3 1 1 1 2 2 1 2 1 2 1 1 2 2 
1 1 1 1 2 2 1 2 1 2 2 2 2 2 2 2 1 1 1 2 2 2 1 2 2 1 1 2 2 2 1 1 2 1 1 2 2 2 1 1 
2 2 2 1 1 2 2 2 1 1 2 3 1 1 3 3 1 2 2 2 1 1 2 2 1 1 1 2 2 2 1 1 1 2 2 1 2 1 2 1 
2 1 1 2 2 1 2 2 2 2 2 1 6 6 1 1 1 2 2 2 1 2 1 1 2 2 1 2 1 1 2 2 2 2 2 6 2 2 1 1 
1 1 2 2 1 1 2 2 2 1 2 1 3 6 1 1 2 1 1 1 2 3 1 2 1 1 2 1 1 1 2 1 2 2 2 6 6 1 1 1 
2 2 2 1 2 2 2 2 2 1 1 3 6 6 2 2 1 1 1 2 2 1 1 2 1 2 1 1 3 2 2 1 2 1 1 6 2 2 2 2 
INVENTORY:
0
HOTBAR:
I_stuffes1:1,I_stuffes2:-1,I_stuffes3:1,I_toolbar1:-1,I_toolbar2:-1,I_armorbar1:-1,I_abilitybar1:-1
